0, 2793438405, 
1, 2793459005, 
2, 2793499401, 
3, 2793561201, 
4, 2793593900, 
5, 2793611905, 
6, 2793637501, 
7, 2793648505, 
8, 2793689802, 
9, 2793709403, 
10, 2793749501, 
11, 2793756704, 
12, 2793757208, 
13, 2793761003, 
14, 2793783502, 
15, 2793787103, 
16, 2793815002, 
17, 2793838301, 
18, 2793918108, 
19, 2793953804, 
20, 2793990101, 
21, 2794013206, 
22, 2794068404, 
23, 2794077303, 
24, 2794125102, 
25, 2794151108, 
26, 2794205808, 
27, 2794214001, 
28, 2794230907, 
29, 2794251002, 
30, 2794266502, 
31, 2794269202, 
32, 2794282406, 
33, 2794293004, 
34, 2794305008, 
35, 2794333404, 
36, 2794378107, 
37, 2794393403, 
38, 2794414305, 
39, 2794434703, 
40, 2794434805, 
41, 2794436007, 
42, 2794446808, 
43, 2794466703, 
44, 2794476305, 
45, 2794489701, 
46, 2794494601, 
47, 2794528704, 
48, 2794531705, 
49, 2794533401, 
50, 2794536601, 
51, 2794545204, 
52, 2794546608, 
53, 2794557902, 
54, 2794582403, 
55, 2794584004, 
56, 2794592000, 
57, 2794593200, 
58, 2794602207, 
59, 2794636108, 
60, 2794642503, 
61, 2794642900, 
62, 2794665505, 
63, 2794669900, 
64, 2794671304, 
65, 2794678301, 
66, 2794687505, 
67, 2794737603, 
68, 2794765406, 
69, 2794766809, 
70, 2794770105, 
71, 2794785205, 
72, 2794797202, 
73, 2794811607, 
74, 2794845100, 
75, 2794885708, 
76, 2794890409, 
77, 2794919108, 
78, 2794923604, 
79, 2794947104, 
80, 2794978704, 
81, 2794988902, 
82, 2794996401, 
83, 2795045503, 
84, 2795065707, 
85, 2795079508, 
86, 2795084708, 
87, 2795123909, 
88, 2795154705, 
89, 2795180701, 
90, 2795199307, 
91, 2795200206, 
92, 2795203000, 
93, 2795222505, 
94, 2795233508, 
95, 2795256607, 
96, 2795308201, 
97, 2795340202, 
98, 2795352906, 
99, 2795363700, 
100, 2795368004, 
101, 2795405205, 
102, 2795406004, 
103, 2795408704, 
104, 2795424805, 
105, 2795442807, 
106, 2795445308, 
107, 2795450805, 
108, 2795459808, 
109, 2795483701, 
110, 2795486809, 
111, 2795504304, 
112, 2795504503, 
113, 2795515409, 
114, 2795522901, 
115, 2795578800, 
116, 2795609808, 
117, 2795641508, 
118, 2795660307, 
119, 2795683705, 
120, 2795685300, 
121, 2795699606, 
122, 2795773300, 
123, 2795847103, 
124, 2795853803, 
125, 2795906409, 
126, 2795939602, 
127, 2795944104, 
128, 2795979605, 
129, 2795995608, 
130, 2795998700, 
131, 2796009302, 
132, 2796019206, 
133, 2796027809, 
134, 2796049005, 
135, 2796071308, 
136, 2796093309, 
137, 2796104804, 
138, 2796149209, 
139, 2796173404, 
140, 2796191106, 
141, 2796206604, 
142, 2796210202, 
143, 2796227506, 
144, 2796258202, 
145, 2796273907, 
146, 2796281406, 
147, 2796328503, 
148, 2796345208, 
149, 2796357607, 
150, 2796375101, 
151, 2796385909, 
152, 2796389706, 
153, 2796415808, 
154, 2796434208, 
155, 2796445206, 
156, 2796455501, 
157, 2796469009, 
158, 2796486904, 
159, 2796516808, 
160, 2796524002, 
161, 2796550409, 
162, 2796571103, 
163, 2796584608, 
164, 2796605105, 
165, 2796616004, 
166, 2796617401, 
167, 2796623609, 
168, 2796651803, 
169, 2796654000, 
170, 2796661908, 
171, 2796665504, 
172, 2796677408, 
173, 2796696908, 
174, 2796711203, 
175, 2796726308, 
176, 2796734904, 
177, 2796807500, 
178, 2796849204, 
179, 2796880706, 
180, 2796913704, 
181, 2796927409, 
182, 2796927909, 
183, 2796932502, 
184, 2796962609, 
185, 2796968403, 
186, 2797005809, 
187, 2797019803, 
188, 2797036206, 
189, 2797041809, 
190, 2797055205, 
191, 2797070809, 
192, 2797096101, 
193, 2797097908, 
194, 2797156602, 
195, 2797166106, 
196, 2797172706, 
197, 2797211600, 
198, 2797211903, 
199, 2797229707, 
200, 2797242407, 
201, 2797248909, 
202, 2797323104, 
203, 2797323908, 
204, 2797370106, 
205, 2797424502, 
206, 2797490407, 
207, 2797493608, 
208, 2797499307, 
209, 2797530305, 
210, 2797565806, 
211, 2797603305, 
212, 2797612709, 
213, 2797630301, 
214, 2797657301, 
215, 2797679004, 
216, 2797679901, 
217, 2797707205, 
218, 2797727209, 
219, 2797788703, 
220, 2797807908, 
221, 2797845001, 
222, 2797866406, 
223, 2797880708, 
224, 2797879701, 
225, 2797906808, 
226, 2797939400, 
227, 2797944103, 
228, 2797989100, 
229, 2798018702, 
230, 2798033906, 
231, 2798042606, 
232, 2798119705, 
233, 2798130402, 
234, 2798177608, 
235, 2798187601, 
236, 2798202304, 
237, 2798237509, 
238, 2798271201, 
239, 2798273900, 
240, 2798286500, 
241, 2798310608, 
242, 2798318301, 
243, 2798354101, 
244, 2798356008, 
245, 2798376109, 
246, 2798412108, 
247, 2798415501, 
248, 2798445403, 
249, 2798487808, 
250, 2798519507, 
251, 2798549908, 
252, 2798586407, 
253, 2798597008, 
254, 2798598601, 
255, 2798601605, 
256, 2798605909, 
257, 2798617002, 
258, 2798632707, 
259, 2798639606, 
260, 2798650408, 
261, 2798723805, 
262, 2798731307, 
263, 2798750102, 
264, 2798811002, 
265, 2798816806, 
266, 2798820906, 
267, 2798827402, 
268, 2798865509, 
269, 2798867803, 
270, 2798875505, 
271, 2798880407, 
272, 2798894004, 
273, 2798928404, 
274, 2798962108, 
275, 2798964409, 
276, 2799005900, 
277, 2799017301, 
278, 2799024801, 
279, 2799037305, 
280, 2799063609, 
281, 2799098807, 
282, 2799179505, 
283, 2799215005, 
284, 2799266704, 
285, 2799274003, 
286, 2799295101, 
287, 2799330100, 
288, 2799335900, 
289, 2799356008, 
290, 2799385204, 
291, 2799406205, 
292, 2799469207, 
293, 2799475504, 
294, 2799489307, 
295, 2799507705, 
296, 2799526401, 
297, 2799566008, 
298, 2799593506, 
299, 2799612309, 
300, 2799714109, 
301, 2799751205, 
302, 2799762705, 
303, 2799780304, 
304, 2799797705, 
305, 2799817003, 
306, 2799888204, 
307, 2799917005, 
308, 2799936401, 
309, 2800007804, 
310, 2800029204, 
311, 2800050407, 
312, 2800074409, 
313, 2800076900, 
314, 2800102206, 
315, 2800110303, 
316, 2800137207, 
317, 2800139309, 
318, 2800148203, 
319, 2800163906, 
320, 2800167404, 
321, 2800223307, 
322, 2800247300, 
323, 2800273201, 
324, 2800319503, 
325, 2800352107, 
326, 2800373803, 
327, 2800433009, 
328, 2800495700, 
329, 2800525000, 
330, 2800528706, 
331, 2800548807, 
332, 2800568703, 
333, 2800585109, 
334, 2800605207, 
335, 2800631905, 
336, 2800646002, 
337, 2800693804, 
338, 2800712607, 
339, 2800719309, 
340, 2800762807, 
341, 2800768507, 
342, 2800799004, 
343, 2800814005, 
344, 2800823106, 
345, 2800850008, 
346, 2800856507, 
347, 2800863400, 
348, 2800884109, 
349, 2800888302, 
350, 2800908602, 
351, 2800945601, 
352, 2800956307, 
353, 2800990800, 
354, 2801019405, 
355, 2801047301, 
356, 2801057100, 
357, 2801062302, 
358, 2801078703, 
359, 2801094400, 
360, 2801133209, 
361, 2801158403, 
362, 2801183100, 
363, 2801222202, 
364, 2801252008, 
365, 2801415206, 
366, 2801425902, 
367, 2801426205, 
368, 2801427900, 
369, 2801458906, 
370, 2801470400, 
371, 2801499807, 
372, 2801507708, 
373, 2801537902, 
374, 2801540105, 
375, 2801590606, 
376, 2801597403, 
377, 2801637501, 
378, 2801642000, 
379, 2801694404, 
380, 2801732908, 
381, 2801743000, 
382, 2801744909, 
383, 2801789107, 
384, 2801840200, 
385, 2801846509, 
386, 2801850901, 
387, 2801890305, 
388, 2801945405, 
389, 2801990105, 
390, 2802019703, 
391, 2802072500, 
392, 2802112800, 
393, 2802155907, 
394, 2802161803, 
395, 2802318608, 
396, 2802338903, 
397, 2802347004, 
398, 2802352807, 
399, 2802364802, 
400, 2802376005, 
401, 2802428508, 
402, 2802488502, 
403, 2802530008, 
404, 2802537302, 
405, 2802585506, 
406, 2802666300, 
407, 2802755608, 
408, 2802775501, 
409, 2802780906, 
410, 2802800101, 
411, 2802832607, 
412, 2802842308, 
413, 2802846203, 
414, 2802853903, 
415, 2802962009, 
416, 2803005906, 
417, 2803012908, 
418, 2803072007, 
419, 2803149903, 
420, 2803153500, 
421, 2803169807, 
422, 2803239609, 
423, 2803254603, 
424, 2803272908, 
425, 2803289106, 
426, 2803360708, 
427, 2803398406, 
428, 2803429008, 
429, 2803463101, 
430, 2803509307, 
431, 2803528300, 
432, 2803666605, 
433, 2803727502, 
434, 2803758405, 
435, 2803804806, 
436, 2803829403, 
437, 2803930401, 
438, 2803950704, 
439, 2803960503, 
440, 2804028302, 
441, 2804049207, 
442, 2804054103, 
443, 2804057700, 
444, 2804058205, 
445, 2804104202, 
446, 2804120000, 
447, 2804149309, 
448, 2804195504, 
449, 2804197900, 
450, 2804216409, 
451, 2804225009, 
452, 2804302009, 
453, 2804312801, 
454, 2804353607, 
455, 2804374102, 
456, 2804424002, 
457, 2804478705, 
458, 2804536709, 
459, 2804628301, 
460, 2804690004, 
461, 2804710207, 
462, 2804741808, 
463, 2804744506, 
464, 2804761109, 
465, 2804798407, 
466, 2804886901, 
467, 2804898804, 
468, 2804920505, 
469, 2804932901, 
470, 2804968300, 
471, 2804997006, 
472, 2804998707, 
473, 2804998805, 
474, 2805030709, 
475, 2805082605, 
476, 2805104309, 
477, 2805130400, 
478, 2805152909, 
479, 2805175804, 
480, 2805217901, 
481, 2805241804, 
482, 2805254304, 
483, 2805285509, 
484, 2805309306, 
485, 2805322001, 
486, 2805326105, 
487, 2805344206, 
488, 2805360108, 
489, 2805360101, 
490, 2805362506, 
491, 2805369606, 
492, 2805424308, 
493, 2805434207, 
494, 2805465509, 
495, 2805482603, 
496, 2805511806, 
497, 2805523401, 
498, 2805616107, 
499, 2805637605, 
500, 2805652901, 
501, 2805697003, 
502, 2805731301, 
503, 2805746209, 
504, 2805762203, 
505, 2805765502, 
506, 2805780904, 
507, 2805793608, 
508, 2805801604, 
509, 2805808605, 
510, 2805821800, 
511, 2805837506, 
512, 2805892106, 
513, 2805897306, 
514, 2805919806, 
515, 2805931808, 
516, 2805985305, 
517, 2805992200, 
518, 2806034101, 
519, 2806066202, 
520, 2806092906, 
521, 2806137406, 
522, 2806181906, 
523, 2806183009, 
524, 2806194701, 
525, 2806275006, 
526, 2806284804, 
527, 2806299000, 
528, 2806327908, 
529, 2806356504, 
530, 2806377101, 
531, 2806383107, 
532, 2806390501, 
533, 2806407108, 
534, 2806412507, 
535, 2806466808, 
536, 2806473204, 
537, 2806622708, 
538, 2806675307, 
539, 2806722807, 
540, 2806730004, 
541, 2806763100, 
542, 2806798906, 
543, 2806802001, 
544, 2806805205, 
545, 2806846307, 
546, 2806885007, 
547, 2806892107, 
548, 2806901200, 
549, 2806906409, 
550, 2806907808, 
551, 2806944500, 
552, 2806969200, 
553, 2806993404, 
554, 2806993702, 
555, 2807025803, 
556, 2807061003, 
557, 2807063203, 
558, 2807115202, 
559, 2807117505, 
560, 2807123703, 
561, 2807123905, 
562, 2807142804, 
563, 2807144804, 
564, 2807167204, 
565, 2807256000, 
566, 2807273207, 
567, 2807320300, 
568, 2807337601, 
569, 2807451503, 
570, 2807538002, 
571, 2807538903, 
572, 2807552809, 
573, 2807554008, 
574, 2807583605, 
575, 2807621006, 
576, 2807635103, 
577, 2807636902, 
578, 2807701908, 
579, 2807737403, 
580, 2807769607, 
581, 2807780409, 
582, 2807812702, 
583, 2807858903, 
584, 2807875907, 
585, 2807912101, 
586, 2807962405, 
587, 2807971908, 
588, 2807973306, 
589, 2808007204, 
590, 2808014503, 
591, 2808053802, 
592, 2808133708, 
593, 2808186803, 
594, 2808187001, 
595, 2808188100, 
596, 2808194806, 
597, 2808195507, 
598, 2808235800, 
599, 2808245503, 
600, 2808248708, 
601, 2808255100, 
602, 2808275101, 
603, 2808288301, 
604, 2808308000, 
605, 2808441104, 
606, 2808472706, 
607, 2808491503, 
608, 2808499703, 
609, 2808531406, 
610, 2808534900, 
611, 2808561807, 
612, 2808693302, 
613, 2808703009, 
614, 2808813708, 
615, 2808822607, 
616, 2808839404, 
617, 2808871009, 
618, 2808909609, 
619, 2808909806, 
620, 2808961509, 
621, 2809064604, 
622, 2809082204, 
623, 2809114406, 
624, 2809120803, 
625, 2809126400, 
626, 2809171104, 
627, 2809190404, 
628, 2809219106, 
629, 2809232809, 
630, 2809247209, 
631, 2809266507, 
632, 2809387509, 
633, 2809392400, 
634, 2809400003, 
635, 2809404506, 
636, 2809448302, 
637, 2809450101, 
638, 2809571002, 
639, 2809643600, 
640, 2809651300, 
641, 2809733805, 
642, 2809738500, 
643, 2809745309, 
644, 2809751408, 
645, 2809797107, 
646, 2809832706, 
647, 2809840404, 
648, 2809867507, 
649, 2809867704, 
650, 2809868806, 
651, 2809904809, 
652, 2809918506, 
653, 2809931802, 
654, 2809952707, 
655, 2810012009, 
656, 2810028309, 
657, 2810067101, 
658, 2810097902, 
659, 2810125309, 
660, 2810183503, 
661, 2810185709, 
662, 2810209205, 
663, 2810225501, 
664, 2810234703, 
665, 2810235208, 
666, 2810243502, 
667, 2810252002, 
668, 2810264905, 
669, 2810299808, 
670, 2810329402, 
671, 2810351101, 
672, 2810351904, 
673, 2810354000, 
674, 2810391800, 
675, 2810392602, 
676, 2810399602, 
677, 2810406603, 
678, 2810408807, 
679, 2810450004, 
680, 2810453708, 
681, 2810480606, 
682, 2810502907, 
683, 2810545605, 
684, 2810568806, 
685, 2810624909, 
686, 2810629507, 
687, 2810647608, 
688, 2810685804, 
689, 2810712505, 
690, 2810718304, 
691, 2810728403, 
692, 2810769709, 
693, 2810793909, 
694, 2810798504, 
695, 2810811705, 
696, 2810846203, 
697, 2810849708, 
698, 2810899207, 
699, 2810899206, 
700, 2811036502, 
701, 2811070900, 
702, 2811133807, 
703, 2811185509, 
704, 2811241208, 
705, 2811302108, 
706, 2811308204, 
707, 2811326102, 
708, 2811359808, 
709, 2811423705, 
710, 2811479200, 
711, 2811486109, 
712, 2811495907, 
713, 2811529102, 
714, 2811632408, 
715, 2811647507, 
716, 2811656703, 
717, 2811672307, 
718, 2811698902, 
719, 2811702501, 
720, 2811704802, 
721, 2811771608, 
722, 2811773301, 
723, 2811777801, 
724, 2811780505, 
725, 2811833702, 
726, 2811863904, 
727, 2811889304, 
728, 2811895604, 
729, 2811899508, 
730, 2811904402, 
731, 2812007408, 
732, 2812016604, 
733, 2812046704, 
734, 2812053506, 
735, 2812065103, 
736, 2812097900, 
737, 2812149900, 
738, 2812183805, 
739, 2812204209, 
740, 2812224105, 
741, 2812227809, 
742, 2812269300, 
743, 2812299909, 
744, 2812301004, 
745, 2812314604, 
746, 2812348207, 
747, 2812348600, 
748, 2812380605, 
749, 2812441006, 
750, 2812485404, 
751, 2812518109, 
752, 2812593705, 
753, 2812594605, 
754, 2812599101, 
755, 2812628806, 
756, 2812675304, 
757, 2812740801, 
758, 2812779501, 
759, 2812779104, 
760, 2812793907, 
761, 2812842002, 
762, 2812862602, 
763, 2812903408, 
764, 2812921408, 
765, 2812934307, 
766, 2812939605, 
767, 2812946805, 
768, 2812955206, 
769, 2812986802, 
770, 2812989307, 
771, 2813029401, 
772, 2813045906, 
773, 2813052308, 
774, 2813060505, 
775, 2813076707, 
776, 2813094708, 
777, 2813110706, 
778, 2813132409, 
779, 2813161401, 
780, 2813198303, 
781, 2813198505, 
782, 2813241400, 
783, 2813292504, 
784, 2813304303, 
785, 2813319208, 
786, 2813374907, 
787, 2813426104, 
788, 2813433408, 
789, 2813444403, 
790, 2813446302, 
791, 2813447609, 
792, 2813457705, 
793, 2813462708, 
794, 2813485404, 
795, 2813519803, 
796, 2813519309, 
797, 2813542900, 
798, 2813565601, 
799, 2813572307, 
800, 2813575909, 
801, 2813600005, 
802, 2813624903, 
803, 2813632201, 
804, 2813636500, 
805, 2813650502, 
806, 2813685305, 
807, 2813772305, 
808, 2813772001, 
809, 2813788502, 
810, 2813795000, 
811, 2813829209, 
812, 2813866607, 
813, 2813896106, 
814, 2813908200, 
815, 2813925203, 
816, 2813931303, 
817, 2813937204, 
818, 2813944506, 
819, 2813960607, 
820, 2814029200, 
821, 2814057405, 
822, 2814061203, 
823, 2814109005, 
824, 2814122107, 
825, 2814132602, 
826, 2814150001, 
827, 2814150302, 
828, 2814163702, 
829, 2814191002, 
830, 2814232707, 
831, 2814249503, 
832, 2814342801, 
833, 2814344503, 
834, 2814355101, 
835, 2814376200, 
836, 2814392700, 
837, 2814394302, 
838, 2814411104, 
839, 2814474707, 
840, 2814483209, 
841, 2814495501, 
842, 2814506606, 
843, 2814545400, 
844, 2814553402, 
845, 2814561505, 
846, 2814564704, 
847, 2814610408, 
848, 2814625000, 
849, 2814726904, 
850, 2814728905, 
851, 2814753800, 
852, 2814825105, 
853, 2814845406, 
854, 2814855906, 
855, 2814861205, 
856, 2814897604, 
857, 2814921901, 
858, 2814928400, 
859, 2814930906, 
860, 2814954902, 
861, 2814958401, 
862, 2815031505, 
863, 2815061007, 
864, 2815100505, 
865, 2815111605, 
866, 2815156800, 
867, 2815219607, 
868, 2815223501, 
869, 2815268601, 
870, 2815284109, 
871, 2815379302, 
872, 2815386109, 
873, 2815459803, 
874, 2815470003, 
875, 2815532809, 
876, 2815577808, 
877, 2815593005, 
878, 2815596500, 
879, 2815613909, 
880, 2815623809, 
881, 2815656509, 
882, 2815691305, 
883, 2815692106, 
884, 2815719701, 
885, 2815750505, 
886, 2815761907, 
887, 2815763704, 
888, 2815788503, 
889, 2815827708, 
890, 2815840304, 
891, 2815905805, 
892, 2815913907, 
893, 2815934307, 
894, 2815941908, 
895, 2816039701, 
896, 2816106605, 
897, 2816107205, 
898, 2816126306, 
899, 2816149605, 
900, 2816168209, 
901, 2816181400, 
902, 2816182107, 
903, 2816212706, 
904, 2816234301, 
905, 2816240303, 
906, 2816246402, 
907, 2816252101, 
908, 2816263101, 
909, 2816312102, 
910, 2816330502, 
911, 2816331908, 
912, 2816343609, 
913, 2816348302, 
914, 2816355100, 
915, 2816356901, 
916, 2816383209, 
917, 2816388409, 
918, 2816399209, 
919, 2816417901, 
920, 2816444707, 
921, 2816458807, 
922, 2816480302, 
923, 2816483907, 
924, 2816493208, 
925, 2816501401, 
926, 2816575508, 
927, 2816584405, 
928, 2816595409, 
929, 2816600502, 
930, 2816644302, 
931, 2816651803, 
932, 2816675708, 
933, 2816687808, 
934, 2816751605, 
935, 2816787701, 
936, 2816873303, 
937, 2816890604, 
938, 2816896804, 
939, 2816921107, 
940, 2816929408, 
941, 2816939902, 
942, 2816955504, 
943, 2816965109, 
944, 2817076406, 
945, 2817122908, 
946, 2817128505, 
947, 2817147900, 
948, 2817156304, 
949, 2817183100, 
950, 2817245007, 
951, 2817250807, 
952, 2817284701, 
953, 2817301606, 
954, 2817305408, 
955, 2817348200, 
956, 2817373804, 
957, 2817388600, 
958, 2817393001, 
959, 2817399409, 
960, 2817403305, 
961, 2817425008, 
962, 2817436607, 
963, 2817454808, 
964, 2817463008, 
965, 2817469709, 
966, 2817481505, 
967, 2817495203, 
968, 2817510904, 
969, 2817541201, 
970, 2817594703, 
971, 2817607202, 
972, 2817647504, 
973, 2817654407, 
974, 2817668105, 
975, 2817670401, 
976, 2817681207, 
977, 2817699706, 
978, 2817710509, 
979, 2817730803, 
980, 2817800309, 
981, 2817880803, 
982, 2817905807, 
983, 2817942900, 
984, 2818008702, 
985, 2818008503, 
986, 2818018900, 
987, 2818026901, 
988, 2818061701, 
989, 2818076704, 
990, 2818114608, 
991, 2818122004, 
992, 2818124600, 
993, 2818164201, 
994, 2818185901, 
995, 2818211902, 
996, 2818244709, 
997, 2818301906, 
998, 2818331308, 
999, 2818336405, 
1000, 2818345006, 
1001, 2818357506, 
1002, 2818369903, 
1003, 2818416301, 
1004, 2818489206, 
1005, 2818493808, 
1006, 2818497509, 
1007, 2818533803, 
1008, 2818559906, 
1009, 2818596902, 
1010, 2818597605, 
1011, 2818650602, 
1012, 2818671005, 
1013, 2818723809, 
1014, 2818747506, 
1015, 2818770805, 
1016, 2818903504, 
1017, 2818922507, 
1018, 2818936604, 
1019, 2819062607, 
1020, 2819077301, 
1021, 2819085802, 
1022, 2819112701, 
1023, 2819162403, 
1024, 2819234906, 
1025, 2819309303, 
1026, 2819381406, 
1027, 2819410106, 
1028, 2819499907, 
1029, 2819612205, 
1030, 2819856501, 
1031, 2819860109, 
1032, 2819922601, 
1033, 2819986107, 
1034, 2820014801, 
1035, 2820100607, 
1036, 2820118109, 
1037, 2820127502, 
1038, 2820198202, 
1039, 2820309905, 
1040, 2820401805, 
1041, 2820547307, 
1042, 2820619503, 
1043, 2820652704, 
1044, 2820866903, 
1045, 2820913403, 
1046, 2820997603, 
1047, 2821010405, 
1048, 2821083601, 
1049, 2821087307, 
1050, 2821146606, 
1051, 2821195005, 
1052, 2821242606, 
1053, 2821264506, 
1054, 2821270704, 
1055, 2821297403, 
1056, 2821312001, 
1057, 2821335205, 
1058, 2821348805, 
1059, 2821385707, 
1060, 2821481705, 
1061, 2821559108, 
1062, 2821654200, 
1063, 2821671900, 
1064, 2821691707, 
1065, 2821698507, 
1066, 2821734305, 
1067, 2821793709, 
1068, 2821801309, 
1069, 2821839400, 
1070, 2821846700, 
1071, 2821851209, 
1072, 2821855104, 
1073, 2821881301, 
1074, 2821883107, 
1075, 2821908001, 
1076, 2821916306, 
1077, 2822017305, 
1078, 2822031205, 
1079, 2822119501, 
1080, 2822126308, 
1081, 2822174908, 
1082, 2822239306, 
1083, 2822248700, 
1084, 2822287204, 
1085, 2822295709, 
1086, 2822317204, 
1087, 2822362802, 
1088, 2822370207, 
1089, 2822482505, 
1090, 2822493009, 
1091, 2822503005, 
1092, 2822521007, 
1093, 2822639102, 
1094, 2822688208, 
1095, 2822753106, 
1096, 2822763708, 
1097, 2822841406, 
1098, 2822848408, 
1099, 2822892701, 
1100, 2822992109, 
1101, 2823014700, 
1102, 2823121903, 
1103, 2823157600, 
1104, 2823158108, 
1105, 2823170906, 
1106, 2823218100, 
1107, 2823274903, 
1108, 2823327309, 
1109, 2823334606, 
1110, 2823414307, 
1111, 2823440907, 
1112, 2823478201, 
1113, 2823525708, 
1114, 2823552705, 
1115, 2823562905, 
1116, 2823563003, 
1117, 2823567603, 
1118, 2823569207, 
1119, 2823577208, 
1120, 2823578400, 
1121, 2823580904, 
1122, 2823608200, 
1123, 2823634204, 
1124, 2823667102, 
1125, 2823694704, 
1126, 2823718608, 
1127, 2823737402, 
1128, 2823753307, 
1129, 2823795108, 
1130, 2823803700, 
1131, 2823813006, 
1132, 2823849606, 
1133, 2823861708, 
1134, 2823901507, 
1135, 2823927002, 
1136, 2823945508, 
1137, 2823994304, 
1138, 2824004401, 
1139, 2824064008, 
1140, 2824096704, 
1141, 2824101807, 
1142, 2824118508, 
1143, 2824135800, 
1144, 2824141704, 
1145, 2824256001, 
1146, 2824303309, 
1147, 2824366101, 
1148, 2824382406, 
1149, 2824421408, 
1150, 2824445906, 
1151, 2824495705, 
1152, 2824521805, 
1153, 2824537606, 
1154, 2824568906, 
1155, 2824576105, 
1156, 2824576907, 
1157, 2824600400, 
1158, 2824601408, 
1159, 2824626807, 
1160, 2824704301, 
1161, 2824704308, 
1162, 2824713404, 
1163, 2824782204, 
1164, 2824796809, 
1165, 2824800903, 
1166, 2824805201, 
1167, 2824822104, 
1168, 2824847709, 
1169, 2824860903, 
1170, 2824894209, 
1171, 2824904100, 
1172, 2824941000, 
1173, 2824955700, 
1174, 2824968004, 
1175, 2825030402, 
1176, 2825042100, 
1177, 2825043200, 
1178, 2825054700, 
1179, 2825068008, 
1180, 2825089001, 
1181, 2825094206, 
1182, 2825145807, 
1183, 2825153602, 
1184, 2825224906, 
1185, 2825230107, 
1186, 2825245301, 
1187, 2825258709, 
1188, 2825258701, 
1189, 2825261502, 
1190, 2825263008, 
1191, 2825308807, 
1192, 2825324408, 
1193, 2825410908, 
1194, 2825410705, 
1195, 2825416905, 
1196, 2825439601, 
1197, 2825456308, 
1198, 2825469000, 
1199, 2825474908, 
1200, 2825484501, 
1201, 2825501309, 
1202, 2825522405, 
1203, 2825549304, 
1204, 2825554305, 
1205, 2825597401, 
1206, 2825606804, 
1207, 2825607805, 
1208, 2825629902, 
1209, 2825647902, 
1210, 2825685705, 
1211, 2825701105, 
1212, 2825707501, 
1213, 2825707800, 
1214, 2825720807, 
1215, 2825724302, 
1216, 2825730907, 
1217, 2825747701, 
1218, 2825755408, 
1219, 2825763104, 
1220, 2825766001, 
1221, 2825785101, 
1222, 2825796707, 
1223, 2825803507, 
1224, 2825847209, 
1225, 2825847503, 
1226, 2825855503, 
1227, 2825916802, 
1228, 2825927106, 
1229, 2825929809, 
1230, 2825941204, 
1231, 2825968606, 
1232, 2825981008, 
1233, 2825989605, 
1234, 2826032902, 
1235, 2826115403, 
1236, 2826160903, 
1237, 2826163208, 
1238, 2826191106, 
1239, 2826202700, 
1240, 2826205805, 
1241, 2826209100, 
1242, 2826216205, 
1243, 2826330405, 
1244, 2826343402, 
1245, 2826359604, 
1246, 2826368501, 
1247, 2826403806, 
1248, 2826412508, 
1249, 2826556505, 
1250, 2826558501, 
1251, 2826580808, 
1252, 2826611004, 
1253, 2826672008, 
1254, 2826684704, 
1255, 2826688209, 
1256, 2826704103, 
1257, 2826733002, 
1258, 2826869709, 
1259, 2826934905, 
1260, 2826955609, 
1261, 2827039509, 
1262, 2827048805, 
1263, 2827140108, 
1264, 2827195908, 
1265, 2827217600, 
1266, 2827228108, 
1267, 2827241004, 
1268, 2827268504, 
1269, 2827277807, 
1270, 2827284504, 
1271, 2827329700, 
1272, 2827361403, 
1273, 2827398000, 
1274, 2827413202, 
1275, 2827437400, 
1276, 2827447200, 
1277, 2827472509, 
1278, 2827479804, 
1279, 2827480804, 
1280, 2827500007, 
1281, 2827512104, 
1282, 2827515504, 
1283, 2827517308, 
1284, 2827521500, 
1285, 2827536904, 
1286, 2827540903, 
1287, 2827576309, 
1288, 2827612901, 
1289, 2827628906, 
1290, 2827658902, 
1291, 2827669608, 
1292, 2827676503, 
1293, 2827713208, 
1294, 2827718005, 
1295, 2827727901, 
1296, 2827739505, 
1297, 2827754603, 
1298, 2827759700, 
1299, 2827779602, 
1300, 2827787605, 
1301, 2827787703, 
1302, 2827803007, 
1303, 2827877809, 
1304, 2827878905, 
1305, 2827982208, 
1306, 2828002007, 
1307, 2828010406, 
1308, 2828025106, 
1309, 2828056203, 
1310, 2828070506, 
1311, 2828110305, 
1312, 2828146809, 
1313, 2828198604, 
1314, 2828223205, 
1315, 2828223602, 
1316, 2828259709, 
1317, 2828260108, 
1318, 2828295402, 
1319, 2828296307, 
1320, 2828321004, 
1321, 2828373602, 
1322, 2828394606, 
1323, 2828437500, 
1324, 2828455100, 
1325, 2828458708, 
1326, 2828466707, 
1327, 2828502800, 
1328, 2828708206, 
1329, 2828720809, 
1330, 2828803406, 
1331, 2828890407, 
1332, 2828975907, 
1333, 2828978707, 
1334, 2829015906, 
1335, 2829055604, 
1336, 2829060304, 
1337, 2829087202, 
1338, 2829118605, 
1339, 2829172709, 
1340, 2829177904, 
1341, 2829238708, 
1342, 2829295108, 
1343, 2829341505, 
1344, 2829379707, 
1345, 2829472003, 
1346, 2829519703, 
1347, 2829526206, 
1348, 2829552609, 
1349, 2829624008, 
1350, 2829728505, 
1351, 2829784604, 
1352, 2829810802, 
1353, 2829836303, 
1354, 2829840502, 
1355, 2829847403, 
1356, 2829852909, 
1357, 2830007305, 
1358, 2830062801, 
1359, 2830077704, 
1360, 2830084803, 
1361, 2830101903, 
1362, 2830102205, 
1363, 2830244706, 
1364, 2830256203, 
1365, 2830276604, 
1366, 2830293000, 
1367, 2830398007, 
1368, 2830413500, 
1369, 2830420702, 
1370, 2830518601, 
1371, 2830537200, 
1372, 2830589905, 
1373, 2830615700, 
1374, 2830643601, 
1375, 2830647200, 
1376, 2830674702, 
1377, 2830712308, 
1378, 2830726804, 
1379, 2830768505, 
1380, 2830781008, 
1381, 2830785608, 
1382, 2830801500, 
1383, 2830823709, 
1384, 2830848707, 
1385, 2830851305, 
1386, 2830853107, 
1387, 2830875408, 
1388, 2830927700, 
1389, 2830943905, 
1390, 2831053004, 
1391, 2831057106, 
1392, 2831085904, 
1393, 2831104903, 
1394, 2831126600, 
1395, 2831136103, 
1396, 2831211504, 
1397, 2831248803, 
1398, 2831251006, 
1399, 2831264202, 
1400, 2831342207, 
1401, 2831348303, 
1402, 2831350206, 
1403, 2831360500, 
1404, 2831434705, 
1405, 2831542605, 
1406, 2831618104, 
1407, 2831643100, 
1408, 2831727002, 
1409, 2831753501, 
1410, 2831794608, 
1411, 2831797708, 
1412, 2831806205, 
1413, 2831830202, 
1414, 2831872702, 
1415, 2831909704, 
1416, 2831925507, 
1417, 2831994100, 
1418, 2831998309, 
1419, 2832013302, 
1420, 2832016700, 
1421, 2832020506, 
1422, 2832055407, 
1423, 2832088507, 
1424, 2832122502, 
1425, 2832156303, 
1426, 2832172703, 
1427, 2832201700, 
1428, 2832256701, 
1429, 2832272203, 
1430, 2832381009, 
1431, 2832420608, 
1432, 2832527101, 
1433, 2832539808, 
1434, 2832545607, 
1435, 2832551100, 
1436, 2832576100, 
1437, 2832588008, 
1438, 2832616701, 
1439, 2832635204, 
1440, 2832637809, 
1441, 2832682403, 
1442, 2832689808, 
1443, 2832701700, 
1444, 2832714801, 
1445, 2832804909, 
1446, 2832823507, 
1447, 2832889400, 
1448, 2832916501, 
1449, 2832951702, 
1450, 2832959000, 
1451, 2833023504, 
1452, 2833064907, 
1453, 2833084207, 
1454, 2833159009, 
1455, 2833241600, 
1456, 2833286004, 
1457, 2833306202, 
1458, 2833367306, 
1459, 2833382109, 
1460, 2833392604, 
1461, 2833400105, 
1462, 2833411901, 
1463, 2833571100, 
1464, 2833675208, 
1465, 2833681908, 
1466, 2833730306, 
1467, 2833746907, 
1468, 2833758805, 
1469, 2833877609, 
1470, 2833921405, 
1471, 2833980704, 
1472, 2834020605, 
1473, 2834023207, 
1474, 2834045208, 
1475, 2834082206, 
1476, 2834110803, 
1477, 2834145108, 
1478, 2834153700, 
1479, 2834175506, 
1480, 2834180907, 
1481, 2834219304, 
1482, 2834228407, 
1483, 2834244608, 
1484, 2834278407, 
1485, 2834282709, 
1486, 2834286703, 
1487, 2834300103, 
1488, 2834407503, 
1489, 2834636207, 
1490, 2834738508, 
1491, 2834743606, 
1492, 2834753002, 
1493, 2834772205, 
1494, 2834883408, 
1495, 2834884908, 
1496, 2834911208, 
1497, 2834958700, 
1498, 2835060908, 
1499, 2835128805, 
1500, 2835176103, 
1501, 2835237704, 
1502, 2835271706, 
1503, 2835282203, 
1504, 2835354305, 
1505, 2835361203, 
1506, 2835383703, 
1507, 2835389402, 
1508, 2835393909, 
1509, 2835450301, 
1510, 2835450502, 
1511, 2835455902, 
1512, 2835483709, 
1513, 2835591508, 
1514, 2835604708, 
1515, 2835637506, 
1516, 2835705608, 
1517, 2835706903, 
1518, 2835762401, 
1519, 2835775409, 
1520, 2835803206, 
1521, 2835822900, 
1522, 2835925704, 
1523, 2836067703, 
1524, 2836079301, 
1525, 2836214805, 
1526, 2836371202, 
1527, 2836375408, 
1528, 2836411803, 
1529, 2836423109, 
1530, 2836453706, 
1531, 2836460600, 
1532, 2836462005, 
1533, 2836505909, 
1534, 2836552005, 
1535, 2836606506, 
1536, 2836636505, 
1537, 2836644602, 
1538, 2836661109, 
1539, 2836695708, 
1540, 2836704200, 
1541, 2836748702, 
1542, 2836749403, 
1543, 2836760005, 
1544, 2836813309, 
1545, 2836952306, 
1546, 2836992307, 
1547, 2837024206, 
1548, 2837037509, 
1549, 2837097005, 
1550, 2837099906, 
1551, 2837129404, 
1552, 2837136907, 
1553, 2837147503, 
1554, 2837256203, 
1555, 2837321501, 
1556, 2837329309, 
1557, 2837359908, 
1558, 2837372004, 
1559, 2837535406, 
1560, 2837549204, 
1561, 2837553405, 
1562, 2837912201, 
1563, 2837926109, 
1564, 2837983109, 
1565, 2837998804, 
1566, 2838033302, 
1567, 2838097204, 
1568, 2838173006, 
1569, 2838240502, 
1570, 2838272500, 
1571, 2838314508, 
1572, 2838323507, 
1573, 2838353809, 
1574, 2838361908, 
1575, 2838362705, 
1576, 2838388301, 
1577, 2838463304, 
1578, 2838482607, 
1579, 2838490704, 
1580, 2838492502, 
1581, 2838523602, 
1582, 2838542301, 
1583, 2838566306, 
1584, 2838587801, 
1585, 2838597109, 
1586, 2838611104, 
1587, 2838650508, 
1588, 2838663803, 
1589, 2838747102, 
1590, 2838751608, 
1591, 2838780704, 
1592, 2838813603, 
1593, 2838861405, 
1594, 2838899500, 
1595, 2838905005, 
1596, 2838930704, 
1597, 2839008002, 
1598, 2839029801, 
1599, 2839030106, 
1600, 2839043107, 
1601, 2839330503, 
1602, 2839369402, 
1603, 2839381600, 
1604, 2839412302, 
1605, 2839431803, 
1606, 2839454102, 
1607, 2839490605, 
1608, 2839526503, 
1609, 2839588303, 
1610, 2839658204, 
1611, 2839705606, 
1612, 2839707907, 
1613, 2839729305, 
1614, 2839806009, 
1615, 2839813806, 
1616, 2840090606, 
1617, 2840156203, 
1618, 2840187406, 
1619, 2840207401, 
1620, 2840226803, 
1621, 2840258400, 
1622, 2840281601, 
1623, 2840320200, 
1624, 2840384708, 
1625, 2840400202, 
1626, 2840425900, 
1627, 2840456503, 
1628, 2840471707, 
1629, 2840555606, 
1630, 2840621501, 
1631, 2840657807, 
1632, 2840710503, 
1633, 2840745601, 
1634, 2840834206, 
1635, 2840840309, 
1636, 2840953703, 
1637, 2841040504, 
1638, 2841132202, 
1639, 2841160105, 
1640, 2841184408, 
1641, 2841198301, 
1642, 2841226504, 
1643, 2841231302, 
1644, 2841243500, 
1645, 2841275101, 
1646, 2841363404, 
1647, 2841384307, 
1648, 2841443608, 
1649, 2841472104, 
1650, 2841578308, 
1651, 2841606002, 
1652, 2841612809, 
1653, 2841738807, 
1654, 2841773306, 
1655, 2841814706, 
1656, 2841824700, 
1657, 2841886301, 
1658, 2841910504, 
1659, 2841988506, 
1660, 2842035308, 
1661, 2842040206, 
1662, 2842191908, 
1663, 2842229005, 
1664, 2842264808, 
1665, 2842289705, 
1666, 2842438902, 
1667, 2842527807, 
1668, 2842548404, 
1669, 2842603109, 
1670, 2842609305, 
1671, 2842655801, 
1672, 2842685802, 
1673, 2842690106, 
1674, 2842718705, 
1675, 2842746107, 
1676, 2842758509, 
1677, 2842801606, 
1678, 2842834702, 
1679, 2842837500, 
1680, 2842848203, 
1681, 2842874907, 
1682, 2842911102, 
1683, 2842913002, 
1684, 2842951601, 
1685, 2842998605, 
1686, 2843015000, 
1687, 2843039903, 
1688, 2843146207, 
1689, 2843209000, 
1690, 2843262900, 
1691, 2843280701, 
1692, 2843282209, 
1693, 2843406809, 
1694, 2843464504, 
1695, 2843477301, 
1696, 2843485206, 
1697, 2843543408, 
1698, 2843579806, 
1699, 2843635108, 
1700, 2843646109, 
1701, 2843691202, 
1702, 2843693006, 
1703, 2843692701, 
1704, 2843699803, 
1705, 2843784800, 
1706, 2843799901, 
1707, 2843840903, 
1708, 2843889306, 
1709, 2843893201, 
1710, 2843925700, 
1711, 2843934703, 
1712, 2843954401, 
1713, 2844008002, 
1714, 2844016904, 
1715, 2844041802, 
1716, 2844064803, 
1717, 2844092000, 
1718, 2844141601, 
1719, 2844147804, 
1720, 2844160401, 
1721, 2844193804, 
1722, 2844207204, 
1723, 2844207701, 
1724, 2844234507, 
1725, 2844242405, 
1726, 2844258302, 
1727, 2844314106, 
1728, 2844328008, 
1729, 2844350902, 
1730, 2844364206, 
1731, 2844366709, 
1732, 2844411806, 
1733, 2844425103, 
1734, 2844463205, 
1735, 2844467804, 
1736, 2844483902, 
1737, 2844497600, 
1738, 2844511603, 
1739, 2844515404, 
1740, 2844516200, 
1741, 2844527009, 
1742, 2844565302, 
1743, 2844570808, 
1744, 2844608705, 
1745, 2844640606, 
1746, 2844653206, 
1747, 2844732404, 
1748, 2844734508, 
1749, 2844887206, 
1750, 2844888800, 
1751, 2844911809, 
1752, 2844919009, 
1753, 2844937103, 
1754, 2844966807, 
1755, 2845014708, 
1756, 2845063607, 
1757, 2845145702, 
1758, 2845214801, 
1759, 2845297702, 
1760, 2845315100, 
1761, 2845350905, 
1762, 2845387308, 
1763, 2845509806, 
1764, 2845524409, 
1765, 2845525409, 
1766, 2845589504, 
1767, 2845653100, 
1768, 2845662208, 
1769, 2845722209, 
1770, 2845746008, 
1771, 2845809909, 
1772, 2845813807, 
1773, 2845828908, 
1774, 2845890503, 
1775, 2845890604, 
1776, 2845908801, 
1777, 2845916505, 
1778, 2845933602, 
1779, 2845955801, 
1780, 2845967402, 
1781, 2845973300, 
1782, 2845979005, 
1783, 2845989503, 
1784, 2846010008, 
1785, 2846030300, 
1786, 2846036706, 
1787, 2846068906, 
1788, 2846070602, 
1789, 2846070600, 
1790, 2846074103, 
1791, 2846098506, 
1792, 2846100702, 
1793, 2846127603, 
1794, 2846198909, 
1795, 2846249808, 
1796, 2846289108, 
1797, 2846345601, 
1798, 2846350507, 
1799, 2846356401, 
1800, 2846386208, 
1801, 2846387506, 
1802, 2846408109, 
1803, 2846425005, 
1804, 2846435107, 
1805, 2846495503, 
1806, 2846498900, 
1807, 2846506201, 
1808, 2846601600, 
1809, 2846604405, 
1810, 2846606908, 
1811, 2846714103, 
1812, 2846718903, 
1813, 2846721903, 
1814, 2846724902, 
1815, 2846815203, 
1816, 2846845803, 
1817, 2846868402, 
1818, 2846906102, 
1819, 2846907300, 
1820, 2846963806, 
1821, 2846967800, 
1822, 2846968701, 
1823, 2846991602, 
1824, 2847002105, 
1825, 2847023202, 
1826, 2847036101, 
1827, 2847086200, 
1828, 2847097105, 
1829, 2847139903, 
1830, 2847155502, 
1831, 2847256008, 
1832, 2847307006, 
1833, 2847339508, 
1834, 2847375500, 
1835, 2847376208, 
1836, 2847392701, 
1837, 2847424600, 
1838, 2847432903, 
1839, 2847439404, 
1840, 2847446904, 
1841, 2847501308, 
1842, 2847539903, 
1843, 2847578100, 
1844, 2847654203, 
1845, 2847819709, 
1846, 2847834605, 
1847, 2847857509, 
1848, 2847873708, 
1849, 2847910002, 
1850, 2847988609, 
1851, 2848032604, 
1852, 2848055104, 
1853, 2848059901, 
1854, 2848072004, 
1855, 2848145705, 
1856, 2848171804, 
1857, 2848205909, 
1858, 2848209408, 
1859, 2848213109, 
1860, 2848216308, 
1861, 2848331906, 
1862, 2848352508, 
1863, 2848486505, 
1864, 2848498708, 
1865, 2848522705, 
1866, 2848571204, 
1867, 2848618401, 
1868, 2848660700, 
1869, 2848674901, 
1870, 2848709000, 
1871, 2848709209, 
1872, 2848723802, 
1873, 2848744504, 
1874, 2848749306, 
1875, 2848775602, 
1876, 2848810506, 
1877, 2848821001, 
1878, 2848822303, 
1879, 2848822004, 
1880, 2848822508, 
1881, 2848829501, 
1882, 2848852100, 
1883, 2848857908, 
1884, 2848871100, 
1885, 2848890509, 
1886, 2848908601, 
1887, 2848924504, 
1888, 2848975804, 
1889, 2849001605, 
1890, 2849017209, 
1891, 2849022101, 
1892, 2849084703, 
1893, 2849087509, 
1894, 2849141608, 
1895, 2849164900, 
1896, 2849183709, 
1897, 2849222507, 
1898, 2849230505, 
1899, 2849256402, 
1900, 2849355509, 
1901, 2849433904, 
1902, 2849475603, 
1903, 2849549201, 
1904, 2849628800, 
1905, 2849646602, 
1906, 2849672800, 
1907, 2849753803, 
